__________________Iteration 1____________________
[0.721, -1.482, -0.008, 26.686, 0.6, 39.349, 0.025, -42.5, 0.55, -40.238]
[0.721, -1.482, -0.058, 26.686, 0.6, 34.349, 0.025, -42.5, 0.55, -40.238]
__________________Iteration 2____________________
[0.506, 87.5, 0.9, -15.0, 0.888, 5.615, -0.25, -55.0, 0.4, -38.045]
[0.506, 46.285, 0.9, -15.0, 0.888, 5.615, -0.25, -55.0, 0.4, -71.923]
__________________Iteration 3____________________
[0.0, 94.286, 0.2, 79.0, 0.0, 30.0, -0.0, -25.714, 0.7, -50]
[-0.004, 140.001, 0.2, 74.0, 0.0, 30.0, 0.057, -38.182, 0.7, -50]
__________________Iteration 4____________________
[0.231, 180.0, 0.45, -20.0, 0.1, 100.6, -1.0, -95.0, -0.45, -85.0]
[0.281, 180.0, 0.45, -20.0, 0.1, 105.6, -1.0, -95.0, -0.45, -85.0]
__________________Iteration 5____________________
[0.3, 16.2, 0.319, 30.1, 0.396, 100.0, 0.1, -65.0, 0.033, -15.0]
[0.35, 16.2, 0.319, 23.2, 0.6, 95.0, 0.15, -65.0, 0.05, -15.0]
__________________Iteration 6____________________
[0.971, 25.0, 0.2, 65.0, -0.63, -81.2, 0.9, -10.0, 0.65, -95.0]
[0.971, 20.0, 0.2, 65.0, -0.68, -86.2, 0.9, -10.0, 0.65, -95.0]
__________________Iteration 7____________________
[0.067, 141.6, 0.058, 164.0, -0.085, 278.3, -0.372, -82.1, 0.35, -70.0]
[0.074, 144.0, 0.058, 164.0, -0.085, 278.3, -0.7, -90.0, 0.35, -70.0]
__________________Iteration 8____________________
[0.65, 65.0, 0.25, 65.0, -0.777, -19.4, 0.4, -35.0, 0.47, -12.2]
[0.65, 65.0, 0.25, 65.0, -0.777, -24.4, 0.4, -30.0, 0.47, -12.2]
__________________Iteration 9____________________
[0.25, 55.6, 0.757, 25.0, 0.04, 4.1, -0.6, -15.0, 0.68, -13.6]
[0.185, 55.6, 0.75, 25.0, 0.04, 9.1, -0.55, -15.0, 0.68, -13.6]
__________________Iteration 10____________________
[-0.091, 57.3, 0.95, 15.0, 1.05, -55.0, -0.5, -15.0, -0.65, -35.0]
[-0.091, 57.3, 0.95, 15.0, 1.05, -55.0, -0.5, -15.0, -0.6, -30.0]
__________________Iteration 11____________________
[1.4, -15.0, 0.85, 20.0, 0.1, 60.0, -0.4, -20.0, -0.3, -20.0]
[1.4, -15.0, 0.85, 20.0, 0.1, 60.0, -0.4, -20.0, -0.3, -20.0]
